link,id,host,date,Availability,Year,Floor
"https://www.immobilier.ch/fr/louer/appartement/jura/courroux/neuschwander-immobilier-sarl-635/appartement-45-pieces-381422
",381422,"Immobilier
","2020-02-22
",avril 2020										</span>,2000,1
"https://www.immobilier.ch/fr/louer/maison/geneve/veyrier/zimmermann-immobilier-772/maison55130-381423
",381423,"Immobilier
","2020-02-22
",mars 2020										</span>,-1,0
"https://www.immobilier.ch/fr/louer/appartement/valais/sion/kempter-immobilier-sarl-961/neuf-magnifique-25-pieces-moderne-sion-381424
",381424,"Immobilier
","2020-02-22
",No info,-1,0
"https://www.immobilier.ch/fr/acheter/appartement/valais/morgins/kempter-immobilier-sarl-961/studio-entierement-renove-centre-morgins-381425
",381425,"Immobilier
","2020-02-22
",No info,-1,-1
"https://www.immobilier.ch/fr/acheter/maison/vaud/montreux/john-taylor-montreux-1229/exclusivite-maison-12-pieces-offrant-vue-spectaculaire-381426
",381426,"Immobilier
","2020-02-22
",No info,1822,-1
"https://www.immobilier.ch/fr/louer/appartement/jura/courroux/neuschwander-immobilier-sarl-635/appartement-45-pieces-381422
",381422,"Immobilier
","2020-02-22
",avril 2020										</span>,2000,1
"https://www.immobilier.ch/fr/louer/maison/geneve/veyrier/zimmermann-immobilier-772/maison55130-381423
",381423,"Immobilier
","2020-02-22
",mars 2020										</span>,-1,0
"https://www.immobilier.ch/fr/louer/appartement/valais/sion/kempter-immobilier-sarl-961/neuf-magnifique-25-pieces-moderne-sion-381424
",381424,"Immobilier
","2020-02-22
",No info,-1,0
"https://www.immobilier.ch/fr/acheter/appartement/valais/morgins/kempter-immobilier-sarl-961/studio-entierement-renove-centre-morgins-381425
",381425,"Immobilier
","2020-02-22
",No info,-1,-1
"https://www.immobilier.ch/fr/acheter/maison/vaud/montreux/john-taylor-montreux-1229/exclusivite-maison-12-pieces-offrant-vue-spectaculaire-381426
",381426,"Immobilier
","2020-02-22
",No info,1822,-1
"https://www.immobilier.ch/fr/louer/appartement/jura/courroux/neuschwander-immobilier-sarl-635/appartement-45-pieces-381422
","381422
","Immobilier
","2020-02-22
",avril 2020										</span>,2000,1
"https://www.immobilier.ch/fr/louer/maison/geneve/veyrier/zimmermann-immobilier-772/maison55130-381423
","381423
","Immobilier
","2020-02-22
",mars 2020										</span>,-1,0
"https://www.immobilier.ch/fr/louer/appartement/valais/sion/kempter-immobilier-sarl-961/neuf-magnifique-25-pieces-moderne-sion-381424
","381424
","Immobilier
","2020-02-22
",No info,-1,0
"https://www.immobilier.ch/fr/acheter/appartement/valais/morgins/kempter-immobilier-sarl-961/studio-entierement-renove-centre-morgins-381425
","381425
","Immobilier
","2020-02-22
",No info,-1,-1
"https://www.immobilier.ch/fr/acheter/maison/vaud/montreux/john-taylor-montreux-1229/exclusivite-maison-12-pieces-offrant-vue-spectaculaire-381426
","381426
","Immobilier
","2020-02-22
",No info,1822,-1
